Порядок: 30
Обчислені коефіцієнти an: 0.96495    0.014384    -0.33522   -0.062857  -0.0096061   0.0038727   -0.002876   0.0021703  -0.0016889   0.0013486  -0.0011003  0.00091414 -0.00077113  0.00065901 -0.00056955  0.00049706 -0.00043753  0.00038805 -0.00034649  0.00031124  -0.0002811  0.00025513 -0.00023259  0.00021291 -0.00019562  0.00018035 -0.00016679  0.00015471 -0.00014389  0.00013417  -0.0001254
Відносна похибка наближення:
30.803143
22.296212
16.410679
12.280193
9.342251
7.226894
5.687825
4.559252
3.728567
3.118888
2.677851
2.370468
2.174726
2.079215
2.082531
2.194699
2.441687
2.875785
3.599062
4.820031
7.007948
11.395004
22.124912
61.157827
549.297387
549.297387
61.157827
22.124912
11.395004
7.007948
4.820031
3.599062
2.875785
2.441687
2.194699
2.082531
2.079215
2.174726
2.370468
2.677851
3.118888
3.728567
4.559252
5.687825
7.226894
9.342251
12.280193
16.410679
22.296212
30.803143
